557915297802223629
1379143476645724235
368759807798280224
461698293651734528
665390011520385034
1263180495143960659
713108736570425354
906022675082776588
765594797267746816
568310634651844608
830702778866335754
368937113611403266
568954042873544704
846084124489416734
888174958960869396
839210081606041660
137689327055405056
917432206455078992
283467363729408000
754868868991680605
1123148730221207564
980922871855607871
857035276710969398
981017088997081098
1157057074690265099
1228766909479125024
1147714272990867476
622226017175732225
1271199021733646401
909407936911118357
1380194040548425819
1359917677983957082
1191594785899814995
939601579353473105
492034753256488984
879125730393464874
822611511565746227
818220787717767169
952946952348270626
743561082152681594
1030035501471776818
1326946135356608513
1239547965983428678
991989645703393340
444926225127833601
1257025907625951423
839651381383397378
86004744966914048
828336752439721985
731205301818359821
481993807433564170
1031652657837916180
891388845524934686
613170125696270357
135634590575493120
555462289851940864
